[gd_scene load_steps=6 format=3 uid="uid://bo3xgwcro5uun"]

[sub_resource type="StandardMaterial3D" id="StandardMaterial3D_rd3vj"]
albedo_color = Color(0.4, 0.15333334, 0, 1)

[sub_resource type="StandardMaterial3D" id="StandardMaterial3D_o5a4c"]
albedo_color = Color(0.54901963, 0.27450982, 0.18431373, 1)

[sub_resource type="ProceduralSkyMaterial" id="ProceduralSkyMaterial_o5a4c"]
sky_horizon_color = Color(0.66224277, 0.6717428, 0.6867428, 1)
ground_horizon_color = Color(0.66224277, 0.6717428, 0.6867428, 1)

[sub_resource type="Sky" id="Sky_2q6dc"]
sky_material = SubResource("ProceduralSkyMaterial_o5a4c")

[sub_resource type="Environment" id="Environment_bkp1e"]
background_mode = 1
background_color = Color(0.07, 0.04397167, 0.002099998, 1)
sky = SubResource("Sky_2q6dc")
ambient_light_source = 3
tonemap_mode = 2
glow_enabled = true

[node name="Background" type="CSGBox3D" groups=["Obstacle"]]
transform = Transform3D(1, 0, 0, 0, 1, 0, 0, 0, 1, -0.027462006, 0.04066658, 0.009000301)
use_collision = true
size = Vector3(35, 8, 5)
material = SubResource("StandardMaterial3D_rd3vj")

[node name="Wall" type="CSGBox3D" parent="." groups=["Obstacle"]]
transform = Transform3D(0.98313063, 0.18290477, 0, -0.18290477, 0.98313063, 0, 0, 0, 1, -14.848129, 7.144299, 0)
use_collision = true
size = Vector3(2.7557373, 8, 5)
material = SubResource("StandardMaterial3D_rd3vj")

[node name="Wall2" type="CSGBox3D" parent="." groups=["Obstacle"]]
transform = Transform3D(0.8509394, 0.5252637, 0, -0.5252637, 0.8509394, 0, 0, 0, 1, -12.764124, 13.048538, 0)
use_collision = true
size = Vector3(2.7557373, 8, 5)
material = SubResource("StandardMaterial3D_rd3vj")

[node name="Ceilling" type="CSGBox3D" parent="." groups=["Obstacle"]]
transform = Transform3D(0.38200605, 0.9241597, 0, -0.9241597, 0.38200605, 0, 0, 0, 1, -9.80512, 15.280849, 0)
use_collision = true
size = Vector3(2.7557373, 8, 5)
material = SubResource("StandardMaterial3D_rd3vj")

[node name="Ceilling2" type="CSGBox3D" parent="." groups=["Obstacle"]]
transform = Transform3D(0.104163945, 0.99456, 0, -0.99456, 0.104163945, 0, 0, 0, 1, -4.2019014, 16.63421, 0)
use_collision = true
size = Vector3(2.7557373, 8, 5)
material = SubResource("StandardMaterial3D_rd3vj")

[node name="Ceilling3" type="CSGBox3D" parent="." groups=["Obstacle"]]
transform = Transform3D(-0.136217, 0.9906789, 0, -0.9906789, -0.136217, 0, 0, 0, 1, 3.5604768, 16.187628, 0)
use_collision = true
size = Vector3(2.7557373, 8, 5)
material = SubResource("StandardMaterial3D_rd3vj")

[node name="Ceilling4" type="CSGBox3D" parent="." groups=["Obstacle"]]
transform = Transform3D(-0.27681154, 0.96092415, 0, -0.96092415, -0.27681154, 0, 0, 0, 1, 10.951338, 14.762907, 0)
use_collision = true
size = Vector3(2.7557373, 8, 5)
material = SubResource("StandardMaterial3D_rd3vj")

[node name="Wall3" type="CSGBox3D" parent="." groups=["Obstacle"]]
transform = Transform3D(-0.81457114, 0.58006334, 0, -0.58006334, -0.81457114, 0, 0, 0, 1, 16.736948, 11.189377, 0)
use_collision = true
size = Vector3(2.7557373, 8, 5)
material = SubResource("StandardMaterial3D_rd3vj")

[node name="Wall4" type="CSGBox3D" parent="." groups=["Obstacle"]]
transform = Transform3D(-0.9994495, -0.033172518, 0, 0.033172518, -0.9994495, 0, 0, 0, 1, 16.141848, 7.459158, 0)
use_collision = true
size = Vector3(2.7557373, 8, 5)
material = SubResource("StandardMaterial3D_rd3vj")

[node name="Stalamite" type="CSGBox3D" parent="."]
transform = Transform3D(-5.9604645e-08, -1, 0, 0.9659258, -5.7573665e-08, 0.25881904, -0.25881904, 1.5426817e-08, 0.9659258, -3, 15, -2.9999995)
size = Vector3(7, 1, 1)
material = SubResource("StandardMaterial3D_o5a4c")

[node name="Stalamite7" type="CSGBox3D" parent="."]
transform = Transform3D(-5.9604645e-08, -1, 0, 0.6522175, -3.8875193e-08, 0.75803196, -0.75803196, 4.5182226e-08, 0.6522175, -3, 3.6089368, -2.9999995)
size = Vector3(7, 1, 1)
material = SubResource("StandardMaterial3D_o5a4c")

[node name="Stalamite8" type="CSGBox3D" parent="."]
transform = Transform3D(-5.9604645e-08, -1, 0, 0.6522175, -3.8875193e-08, 0.75803196, -0.75803196, 4.5182226e-08, 0.6522175, -1.1175599, 3.6089368, -2.9999995)
size = Vector3(7, 1, 1)
material = SubResource("StandardMaterial3D_o5a4c")

[node name="Stalamite9" type="CSGBox3D" parent="."]
transform = Transform3D(-5.9604645e-08, -1, 0, 0.6522175, -3.8875193e-08, 0.75803196, -0.75803196, 4.5182226e-08, 0.6522175, 3.3365111, 3.6089368, -2.9999995)
size = Vector3(7, 1, 1)
material = SubResource("StandardMaterial3D_o5a4c")

[node name="Stalamite10" type="CSGBox3D" parent="."]
transform = Transform3D(-5.9604645e-08, -1, 0, 0.8898229, -5.3037578e-08, 0.45630616, -0.45630616, 2.7197967e-08, 0.8898229, 9.870199, 3.6089368, -2.9999995)
size = Vector3(7, 1, 1)
material = SubResource("StandardMaterial3D_o5a4c")

[node name="Stalamite11" type="CSGBox3D" parent="."]
transform = Transform3D(-5.9604645e-08, -1, 0, 0.9981878, -5.9496628e-08, 0.060177594, -0.060177594, 3.5868641e-09, 0.9981878, -10.18096, 3.6089368, -2.9999995)
size = Vector3(7, 1, 1)
material = SubResource("StandardMaterial3D_o5a4c")

[node name="Stalamite2" type="CSGBox3D" parent="."]
transform = Transform3D(-5.9604645e-08, -1, 0, 0.9659258, -5.7573665e-08, 0.25881904, -0.25881904, 1.5426817e-08, 0.9659258, -0.36825657, 15, -2.9999995)
size = Vector3(7, 1, 1)
material = SubResource("StandardMaterial3D_o5a4c")

[node name="Stalamite3" type="CSGBox3D" parent="."]
transform = Transform3D(-5.9604645e-08, -1, 0, 0.9659258, -5.7573665e-08, 0.25881904, -0.25881904, 1.5426817e-08, 0.9659258, 2.6227074, 15, -2.9999995)
size = Vector3(7, 1, 1)
material = SubResource("StandardMaterial3D_o5a4c")

[node name="Stalamite4" type="CSGBox3D" parent="."]
transform = Transform3D(-5.9604645e-08, -1, 0, 0.9659258, -5.7573665e-08, 0.25881904, -0.25881904, 1.5426817e-08, 0.9659258, 6.4647055, 15, -2.9999995)
size = Vector3(7, 1, 1)
material = SubResource("StandardMaterial3D_o5a4c")

[node name="Stalamite5" type="CSGBox3D" parent="."]
transform = Transform3D(-5.9604645e-08, -1, 0, 0.9659258, -5.7573665e-08, 0.25881904, -0.25881904, 1.5426817e-08, 0.9659258, 9.25498, 13.469547, -2.9999995)
size = Vector3(7, 1, 1)
material = SubResource("StandardMaterial3D_o5a4c")

[node name="Stalamite6" type="CSGBox3D" parent="."]
transform = Transform3D(-5.9604645e-08, -1, 0, 0.9659258, -5.7573665e-08, 0.25881904, -0.25881904, 1.5426817e-08, 0.9659258, -6.5537195, 15, -2.9999995)
size = Vector3(7, 1, 1)
material = SubResource("StandardMaterial3D_o5a4c")

[node name="DirectionalLight3D" type="DirectionalLight3D" parent="."]
transform = Transform3D(-0.6969186, 0.5677484, 0.43813923, 0.6793357, 0.71840644, 0.14965023, -0.22979851, 0.40193778, -0.8863628, 0, 3.9888701, 0)
light_energy = 0.5
shadow_enabled = true

[node name="WorldEnvironment" type="WorldEnvironment" parent="."]
environment = SubResource("Environment_bkp1e")

[node name="OmniLight3D" type="OmniLight3D" parent="."]
transform = Transform3D(1, 0, 0, 0, 1, 0, 0, 0, 1, 0.027462006, 9.682385, -6.5456624)
omni_range = 12.0
omni_attenuation = 0.5

[node name="OmniLight3D2" type="OmniLight3D" parent="."]
transform = Transform3D(1, 0, 0, 0, 1, 0, 0, 0, 1, -8.364922, 9.682385, 1.9798865)
omni_range = 12.0
omni_attenuation = 0.5

[node name="OmniLight3D3" type="OmniLight3D" parent="."]
transform = Transform3D(1, 0, 0, 0, 1, 0, 0, 0, 1, 8.742968, 9.682385, 1.9798865)
omni_range = 12.0
omni_attenuation = 0.5
