[gd_scene load_steps=13 format=3 uid="uid://hchydkaonaft"]

[ext_resource type="PackedScene" uid="uid://se47c4lv1pem" path="res://scenes/player.tscn" id="2_p1wii"]
[ext_resource type="PackedScene" uid="uid://bo3xgwcro5uun" path="res://scenes/background.tscn" id="3_0ciq4"]
[ext_resource type="Script" uid="uid://qhvcuaivh1ci" path="res://scripts/LandingPad.cs" id="4_dbux4"]
[ext_resource type="PackedScene" uid="uid://duiagmv2c71pv" path="res://scenes/obstacle_anine.tscn" id="5_bcbta"]
[ext_resource type="Script" uid="uid://o6xorete2co7" path="res://scripts/FollowCamera.cs" id="5_p1wii"]
[ext_resource type="PackedScene" uid="uid://cdditx6ym8j50" path="res://scenes/score.tscn" id="7_0ciq4"]

[sub_resource type="StandardMaterial3D" id="StandardMaterial3D_rd3vj"]
albedo_color = Color(0.4, 0.15333334, 0, 1)

[sub_resource type="StandardMaterial3D" id="StandardMaterial3D_o5a4c"]
albedo_color = Color(0.54901963, 0.27450982, 0.18431373, 1)

[sub_resource type="StandardMaterial3D" id="StandardMaterial3D_2q6dc"]
albedo_color = Color(0.12036886, 0.49677867, 0.98572177, 1)

[sub_resource type="StandardMaterial3D" id="StandardMaterial3D_w7c3h"]
albedo_color = Color(0.2244268, 0.5049786, 2.8878452e-07, 1)

[sub_resource type="BoxMesh" id="BoxMesh_qkggj"]
size = Vector3(16, 1, 3)

[sub_resource type="BoxShape3D" id="BoxShape3D_utlmm"]
size = Vector3(16, 1, 3)

[node name="Level" type="Node3D"]

[node name="Player" parent="." instance=ExtResource("2_p1wii")]
transform = Transform3D(1, 0, 0, 0, 1, 0, 0, 0, 1, -10, 1.7, 0)

[node name="Background" parent="." instance=ExtResource("3_0ciq4")]
transform = Transform3D(1, 0, 0, 0, 1, 0, 0, 0, 1, 47.25883, -3.919794, 0.011321545)
size = Vector3(129.53076, 8, 5)

[node name="Wall" parent="Background" index="0"]
transform = Transform3D(0.9829863, 0.1828779, 0.017138295, -0.18290477, 0.98313063, 0, -0.016849183, -0.0031346758, 0.99985313, -63.10062, 7.144299, 0)

[node name="Wall2" parent="Background" index="1"]
transform = Transform3D(0.8509394, 0.5252637, 0, -0.5252637, 0.8509394, 0, 0, 0, 1, -60.217365, 13.048538, 0)

[node name="Ceilling" parent="Background" index="2"]
transform = Transform3D(0.38200605, 0.9241597, 0, -0.9241597, 0.38200605, 0, 0, 0, 1, -57.258366, 15.280849, 0)

[node name="Ceilling2" parent="Background" index="3"]
transform = Transform3D(0.104163945, 0.99456, 0, -0.99456, 0.104163945, 0, 0, 0, 1, -51.655144, 16.63421, 0)

[node name="Ceilling3" parent="Background" index="4"]
transform = Transform3D(-0.136217, 0.9906789, 0, -0.9906789, -0.136217, 0, 0, 0, 1, -43.892765, 16.187628, 0)

[node name="Ceilling4" parent="Background" index="5"]
transform = Transform3D(-0.27681154, 0.96092415, 0, -0.96092415, -0.27681154, 0, 0, 0, 1, -36.501904, 14.762907, 0)

[node name="Wall3" parent="Background" index="6"]
transform = Transform3D(-0.18991786, 0.9817998, 0, -0.9817998, -0.18991786, 0, 0, 0, 1, -30.716297, 13.361542, 0)

[node name="Ceilling5" type="CSGBox3D" parent="Background" groups=["Obstacle"]]
transform = Transform3D(0.38200605, 0.9241597, 0, -0.9241597, 0.38200605, 0, 0, 0, 1, -23.929676, 14.1209545, 0)
use_collision = true
size = Vector3(2.7557373, 8, 5)
material = SubResource("StandardMaterial3D_rd3vj")

[node name="Ceilling6" type="CSGBox3D" parent="Background" groups=["Obstacle"]]
transform = Transform3D(0.104163945, 0.99456, 0, -0.99456, 0.104163945, 0, 0, 0, 1, -18.326454, 15.474316, 0)
use_collision = true
size = Vector3(2.7557373, 8, 5)
material = SubResource("StandardMaterial3D_rd3vj")

[node name="Ceilling7" type="CSGBox3D" parent="Background" groups=["Obstacle"]]
transform = Transform3D(-0.136217, 0.9906789, 0, -0.9906789, -0.136217, 0, 0, 0, 1, -10.564075, 15.027733, 0)
use_collision = true
size = Vector3(2.7557373, 8, 5)
material = SubResource("StandardMaterial3D_rd3vj")

[node name="Ceilling8" type="CSGBox3D" parent="Background" groups=["Obstacle"]]
transform = Transform3D(-0.27681154, 0.96092415, 0, -0.96092415, -0.27681154, 0, 0, 0, 1, -3.173214, 13.603012, 0)
use_collision = true
size = Vector3(2.7557373, 8, 5)
material = SubResource("StandardMaterial3D_rd3vj")

[node name="Wall5" type="CSGBox3D" parent="Background" groups=["Obstacle"]]
transform = Transform3D(0.17710198, 0.98419243, 0, -0.98419243, 0.17710198, 0, 0, 0, 1, 4.820053, 13.398363, 0)
use_collision = true
size = Vector3(2.7557373, 8, 5)
material = SubResource("StandardMaterial3D_rd3vj")

[node name="Wall4" parent="Background" index="12"]
transform = Transform3D(-0.9994495, -0.033172518, 0, 0.033172518, -0.9994495, 0, 0, 0, 1, 64.17886, 2.9105206, 0)

[node name="Stalamite" parent="Background" index="13"]
transform = Transform3D(-5.9604645e-08, -1, 0, 0.9659258, -5.7573665e-08, 0.25881904, -0.25881904, 1.5426817e-08, 0.9659258, -50.453243, 15, -2.9999995)

[node name="Stalamite7" parent="Background" index="14"]
transform = Transform3D(-5.9604645e-08, -1, 0, 0.6522175, -3.8875193e-08, 0.75803196, -0.75803196, 4.5182226e-08, 0.6522175, -49.43865, 3.6089368, -2.9999995)

[node name="Stalamite8" parent="Background" index="15"]
transform = Transform3D(-5.9604645e-08, -1, 0, 0.6522175, -3.8875193e-08, 0.75803196, -0.75803196, 4.5182226e-08, 0.6522175, -47.55621, 3.6089368, -2.9999995)

[node name="Stalamite9" parent="Background" index="16"]
transform = Transform3D(-5.9604645e-08, -1, 0, 0.6522175, -3.8875193e-08, 0.75803196, -0.75803196, 4.5182226e-08, 0.6522175, -42.193848, 3.6089368, -2.9999995)

[node name="Stalamite10" parent="Background" index="17"]
transform = Transform3D(-5.9604645e-08, -1, 0, 0.8898229, -5.3037578e-08, 0.45630616, -0.45630616, 2.7197967e-08, 0.8898229, -35.66016, 3.6089368, -2.9999995)

[node name="Stalamite11" parent="Background" index="18"]
transform = Transform3D(-5.9604645e-08, -1, 0, 0.9981878, -5.9496628e-08, 0.060177594, -0.060177594, 3.5868641e-09, 0.9981878, -56.61961, 3.6089368, -2.9999995)

[node name="Stalamite2" parent="Background" index="19"]
transform = Transform3D(-5.9604645e-08, -1, 0, 0.9659258, -5.7573665e-08, 0.25881904, -0.25881904, 1.5426817e-08, 0.9659258, -47.8215, 15, -2.9999995)

[node name="Stalamite3" parent="Background" index="20"]
transform = Transform3D(-5.9604645e-08, -1, 0, 0.9659258, -5.7573665e-08, 0.25881904, -0.25881904, 1.5426817e-08, 0.9659258, -44.830536, 15, -2.9999995)

[node name="Stalamite4" parent="Background" index="21"]
transform = Transform3D(-5.9604645e-08, -1, 0, 0.9659258, -5.7573665e-08, 0.25881904, -0.25881904, 1.5426817e-08, 0.9659258, -40.988537, 15, -2.9999995)

[node name="Stalamite5" parent="Background" index="22"]
transform = Transform3D(-5.9604645e-08, -1, 0, 0.9659258, -5.7573665e-08, 0.25881904, -0.25881904, 1.5426817e-08, 0.9659258, -38.19826, 13.469547, -2.9999995)

[node name="Stalamite6" parent="Background" index="23"]
transform = Transform3D(-5.9604645e-08, -1, 0, 0.9659258, -5.7573665e-08, 0.25881904, -0.25881904, 1.5426817e-08, 0.9659258, -54.00696, 15, -2.9999995)

[node name="OmniLight3D" parent="Background" index="26"]
transform = Transform3D(1, 0, 0, 0, 1, 0, 0, 0, 1, 11.84972, 9.682385, -6.5456624)

[node name="OmniLight3D7" type="OmniLight3D" parent="Background"]
transform = Transform3D(1, 0, 0, 0, 1, 0, 0, 0, 1, -34.504204, 9.682385, -6.5456624)
omni_range = 12.0
omni_attenuation = 0.5

[node name="OmniLight3D8" type="OmniLight3D" parent="Background"]
transform = Transform3D(1, 0, 0, 0, 1, 0, 0, 0, 1, -54.718845, 9.682385, 1.9798865)
omni_range = 12.0
omni_attenuation = 0.5

[node name="OmniLight3D9" type="OmniLight3D" parent="Background"]
transform = Transform3D(1, 0, 0, 0, 1, 0, 0, 0, 1, -37.610954, 9.682385, 1.9798865)
omni_range = 12.0
omni_attenuation = 0.5

[node name="OmniLight3D13" type="OmniLight3D" parent="Background"]
transform = Transform3D(1, 0, 0, 0, 1, 0, 0, 0, 1, 26.767506, 9.682385, -6.5456624)
omni_range = 12.0
omni_attenuation = 0.5

[node name="OmniLight3D16" type="OmniLight3D" parent="Background"]
transform = Transform3D(1, 0, 0, 0, 1, 0, 0, 0, 1, 38.023937, 6.188554, -6.5456624)
omni_range = 12.0
omni_attenuation = 0.5

[node name="OmniLight3D14" type="OmniLight3D" parent="Background"]
transform = Transform3D(1, 0, 0, 0, 1, 0, 0, 0, 1, 6.552864, 9.682385, 1.9798865)
omni_range = 12.0
omni_attenuation = 0.5

[node name="OmniLight3D15" type="OmniLight3D" parent="Background"]
transform = Transform3D(1, 0, 0, 0, 1, 0, 0, 0, 1, 23.660755, 9.682385, 1.9798865)
omni_range = 12.0
omni_attenuation = 0.5

[node name="OmniLight3D10" type="OmniLight3D" parent="Background"]
transform = Transform3D(1, 0, 0, 0, 1, 0, 0, 0, 1, -12.202, 9.682385, -6.5456624)
omni_range = 12.0
omni_attenuation = 0.5

[node name="OmniLight3D11" type="OmniLight3D" parent="Background"]
transform = Transform3D(1, 0, 0, 0, 1, 0, 0, 0, 1, -32.41664, 9.682385, 1.9798865)
omni_range = 12.0
omni_attenuation = 0.5

[node name="OmniLight3D12" type="OmniLight3D" parent="Background"]
transform = Transform3D(1, 0, 0, 0, 1, 0, 0, 0, 1, -15.30875, 9.682385, 1.9798865)
omni_range = 12.0
omni_attenuation = 0.5

[node name="Ceilling9" type="CSGBox3D" parent="Background" groups=["Obstacle"]]
transform = Transform3D(0.104163945, 0.99456, 0, -0.99456, 0.104163945, 0, 0, 0, 1, 8.9492035, 14.348326, 0)
use_collision = true
size = Vector3(2.7557373, 8, 5)
material = SubResource("StandardMaterial3D_rd3vj")

[node name="Ceilling10" type="CSGBox3D" parent="Background" groups=["Obstacle"]]
transform = Transform3D(-0.136217, 0.9906789, 0, -0.9906789, -0.136217, 0, 0, 0, 1, 16.711582, 13.901743, 0)
use_collision = true
size = Vector3(2.7557373, 8, 5)
material = SubResource("StandardMaterial3D_rd3vj")

[node name="Ceilling11" type="CSGBox3D" parent="Background" groups=["Obstacle"]]
transform = Transform3D(-0.27681154, 0.96092415, 0, -0.96092415, -0.27681154, 0, 0, 0, 1, 24.102444, 12.477022, 0)
use_collision = true
size = Vector3(2.7557373, 8, 5)
material = SubResource("StandardMaterial3D_rd3vj")

[node name="Wall6" type="CSGBox3D" parent="Background" groups=["Obstacle"]]
transform = Transform3D(-0.18991786, 0.9817998, 0, -0.9817998, -0.18991786, 0, 0, 0, 1, 29.88805, 11.075657, 0)
use_collision = true
size = Vector3(2.7557373, 8, 5)
material = SubResource("StandardMaterial3D_rd3vj")

[node name="Ceilling12" type="CSGBox3D" parent="Background" groups=["Obstacle"]]
transform = Transform3D(0.38200605, 0.9241597, 0, -0.9241597, 0.38200605, 0, 0, 0, 1, 36.67467, 11.83507, 0)
use_collision = true
size = Vector3(2.7557373, 8, 5)
material = SubResource("StandardMaterial3D_rd3vj")

[node name="Ceilling13" type="CSGBox3D" parent="Background" groups=["Obstacle"]]
transform = Transform3D(0.104163945, 0.99456, 0, -0.99456, 0.104163945, 0, 0, 0, 1, 42.277897, 13.188431, 0)
use_collision = true
size = Vector3(2.7557373, 8, 5)
material = SubResource("StandardMaterial3D_rd3vj")

[node name="Ceilling14" type="CSGBox3D" parent="Background" groups=["Obstacle"]]
transform = Transform3D(-0.136217, 0.9906789, 0, -0.9906789, -0.136217, 0, 0, 0, 1, 50.04027, 12.741848, 0)
use_collision = true
size = Vector3(2.7557373, 8, 5)
material = SubResource("StandardMaterial3D_rd3vj")

[node name="Ceilling15" type="CSGBox3D" parent="Background" groups=["Obstacle"]]
transform = Transform3D(-0.27681154, 0.96092415, 0, -0.96092415, -0.27681154, 0, 0, 0, 1, 57.431133, 11.317127, 0)
use_collision = true
size = Vector3(2.7557373, 8, 5)
material = SubResource("StandardMaterial3D_rd3vj")

[node name="Wall7" type="CSGBox3D" parent="Background" groups=["Obstacle"]]
transform = Transform3D(-0.8877592, 0.46030837, 0, -0.46030837, -0.8877592, 0, 0, 0, 1, 62.551258, 7.0586243, 0)
use_collision = true
size = Vector3(2.7557373, 8, 5)
material = SubResource("StandardMaterial3D_rd3vj")

[node name="Stalamite12" type="CSGBox3D" parent="Background"]
transform = Transform3D(-5.9604645e-08, -1, 0, 0.9659258, -5.7573665e-08, 0.25881904, -0.25881904, 1.5426817e-08, 0.9659258, 10.151104, 12.714115, -2.9999995)
size = Vector3(7, 1, 1)
material = SubResource("StandardMaterial3D_o5a4c")

[node name="Stalamite13" type="CSGBox3D" parent="Background"]
transform = Transform3D(-5.9604645e-08, -1, 0, 0.6522175, -3.8875193e-08, 0.75803196, -0.75803196, 4.5182226e-08, 0.6522175, 11.165699, 1.3230519, -2.9999995)
size = Vector3(7, 1, 1)
material = SubResource("StandardMaterial3D_o5a4c")

[node name="Stalamite14" type="CSGBox3D" parent="Background"]
transform = Transform3D(-5.9604645e-08, -1, 0, 0.6522175, -3.8875193e-08, 0.75803196, -0.75803196, 4.5182226e-08, 0.6522175, 13.048138, 1.3230519, -2.9999995)
size = Vector3(7, 1, 1)
material = SubResource("StandardMaterial3D_o5a4c")

[node name="Stalamite15" type="CSGBox3D" parent="Background"]
transform = Transform3D(-5.9604645e-08, -1, 0, 0.6522175, -3.8875193e-08, 0.75803196, -0.75803196, 4.5182226e-08, 0.6522175, 18.410496, 1.3230519, -2.9999995)
size = Vector3(7, 1, 1)
material = SubResource("StandardMaterial3D_o5a4c")

[node name="Stalamite16" type="CSGBox3D" parent="Background"]
transform = Transform3D(-5.9604645e-08, -1, 0, 0.8898229, -5.3037578e-08, 0.45630616, -0.45630616, 2.7197967e-08, 0.8898229, 24.944187, 1.3230519, -2.9999995)
size = Vector3(7, 1, 1)
material = SubResource("StandardMaterial3D_o5a4c")

[node name="Stalamite17" type="CSGBox3D" parent="Background"]
transform = Transform3D(-5.9604645e-08, -1, 0, 0.9981878, -5.9496628e-08, 0.060177594, -0.060177594, 3.5868641e-09, 0.9981878, 3.9847374, 1.3230519, -2.9999995)
size = Vector3(7, 1, 1)
material = SubResource("StandardMaterial3D_o5a4c")

[node name="Stalamite18" type="CSGBox3D" parent="Background"]
transform = Transform3D(-5.9604645e-08, -1, 0, 0.9659258, -5.7573665e-08, 0.25881904, -0.25881904, 1.5426817e-08, 0.9659258, 12.782848, 12.714115, -2.9999995)
size = Vector3(7, 1, 1)
material = SubResource("StandardMaterial3D_o5a4c")

[node name="Stalamite19" type="CSGBox3D" parent="Background"]
transform = Transform3D(-5.9604645e-08, -1, 0, 0.9659258, -5.7573665e-08, 0.25881904, -0.25881904, 1.5426817e-08, 0.9659258, 15.773811, 12.714115, -2.9999995)
size = Vector3(7, 1, 1)
material = SubResource("StandardMaterial3D_o5a4c")

[node name="Stalamite20" type="CSGBox3D" parent="Background"]
transform = Transform3D(-5.9604645e-08, -1, 0, 0.9659258, -5.7573665e-08, 0.25881904, -0.25881904, 1.5426817e-08, 0.9659258, 19.61581, 12.714115, -2.9999995)
size = Vector3(7, 1, 1)
material = SubResource("StandardMaterial3D_o5a4c")

[node name="Stalamite21" type="CSGBox3D" parent="Background"]
transform = Transform3D(-5.9604645e-08, -1, 0, 0.9659258, -5.7573665e-08, 0.25881904, -0.25881904, 1.5426817e-08, 0.9659258, 22.406086, 11.183662, -2.9999995)
size = Vector3(7, 1, 1)
material = SubResource("StandardMaterial3D_o5a4c")

[node name="Stalamite22" type="CSGBox3D" parent="Background"]
transform = Transform3D(-5.9604645e-08, -1, 0, 0.9659258, -5.7573665e-08, 0.25881904, -0.25881904, 1.5426817e-08, 0.9659258, 6.5973854, 12.714115, -2.9999995)
size = Vector3(7, 1, 1)
material = SubResource("StandardMaterial3D_o5a4c")

[node name="OmniLight3D4" type="OmniLight3D" parent="Background"]
transform = Transform3D(1, 0, 0, 0, 1, 0, 0, 0, 1, 60.63181, 6.6919565, -6.5456624)
omni_range = 12.0
omni_attenuation = 0.5

[node name="OmniLight3D5" type="OmniLight3D" parent="Background"]
transform = Transform3D(1, 0, 0, 0, 1, 0, 0, 0, 1, 52.23943, 6.6919565, 1.9798865)
omni_range = 12.0
omni_attenuation = 0.5

[node name="OmniLight3D6" type="OmniLight3D" parent="Background"]
transform = Transform3D(1, 0, 0, 0, 1, 0, 0, 0, 1, 69.34732, 6.6919565, 1.9798865)
omni_range = 12.0
omni_attenuation = 0.5

[node name="LaunchPad" type="CSGBox3D" parent="."]
transform = Transform3D(1, 0, 0, 0, 1, 0, 0, 0, 1, -10, 0.2, 0)
use_collision = true
size = Vector3(3, 1, 3)
material = SubResource("StandardMaterial3D_2q6dc")

[node name="LandingPad" type="CSGBox3D" parent="." groups=["win"]]
transform = Transform3D(1, 0, 0, 0, 1, 0, 0, 0, 1, 106.634964, -0.21566372, 0)
use_collision = true
size = Vector3(3, 1, 3)
material = SubResource("StandardMaterial3D_w7c3h")
script = ExtResource("4_dbux4")
filepathlevel = "uid://dv3okatfwg5iy"

[node name="Camera3D" type="Camera3D" parent="." node_paths=PackedStringArray("target")]
transform = Transform3D(1, 0, 0, 0, 0.9781476, 0.2079117, 0, -0.2079117, 0.9781476, 0, 8, 8.955)
script = ExtResource("5_p1wii")
target = NodePath("../Player")

[node name="ObstacleAnine" parent="." instance=ExtResource("5_bcbta")]
transform = Transform3D(1, 0, 0, 0, 1, 0, 0, 0, 1, 0, 1.5, -0.388)
destination = Vector3(0, 8, 0)
duree = 3.0

[node name="MeshInstance3D" parent="ObstacleAnine" index="0"]
mesh = SubResource("BoxMesh_qkggj")

[node name="CollisionShape3D" parent="ObstacleAnine" index="1"]
shape = SubResource("BoxShape3D_utlmm")

[node name="ObstacleAnine2" parent="." instance=ExtResource("5_bcbta")]
transform = Transform3D(1, 0, 0, 0, 1, 0, 0, 0, 1, 28.926392, 1.5, -0.388)
destination = Vector3(0, 8, 0)
duree = 3.0

[node name="MeshInstance3D" parent="ObstacleAnine2" index="0"]
mesh = SubResource("BoxMesh_qkggj")

[node name="CollisionShape3D" parent="ObstacleAnine2" index="1"]
shape = SubResource("BoxShape3D_utlmm")

[node name="ObstacleAnine3" parent="." instance=ExtResource("5_bcbta")]
transform = Transform3D(1, 0, 0, 0, 1, 0, 0, 0, 1, 62.996346, 1.5, -0.388)
destination = Vector3(0, 8, 0)
duree = 5.0

[node name="MeshInstance3D" parent="ObstacleAnine3" index="0"]
mesh = SubResource("BoxMesh_qkggj")

[node name="CollisionShape3D" parent="ObstacleAnine3" index="1"]
shape = SubResource("BoxShape3D_utlmm")

[node name="ObstacleAnine4" parent="." instance=ExtResource("5_bcbta")]
transform = Transform3D(1, 0, 0, 0, 1, 0, 0, 0, 1, 93.86702, 1.5, -0.388)
destination = Vector3(0, 8, 0)
duree = 5.0

[node name="MeshInstance3D" parent="ObstacleAnine4" index="0"]
mesh = SubResource("BoxMesh_qkggj")

[node name="CollisionShape3D" parent="ObstacleAnine4" index="1"]
shape = SubResource("BoxShape3D_utlmm")

[node name="Score" parent="." instance=ExtResource("7_0ciq4")]

[editable path="Background"]
[editable path="ObstacleAnine"]
[editable path="ObstacleAnine2"]
[editable path="ObstacleAnine3"]
[editable path="ObstacleAnine4"]
