[gd_scene load_steps=10 format=3 uid="uid://c66a6cp8ao330"]

[ext_resource type="PackedScene" uid="uid://se47c4lv1pem" path="res://scenes/player.tscn" id="2_fkit3"]
[ext_resource type="PackedScene" uid="uid://bo3xgwcro5uun" path="res://scenes/background.tscn" id="3_76aq6"]
[ext_resource type="Script" uid="uid://qhvcuaivh1ci" path="res://scripts/LandingPad.cs" id="4_v4gm1"]
[ext_resource type="PackedScene" uid="uid://duiagmv2c71pv" path="res://scenes/obstacle_anine.tscn" id="5_g54xt"]
[ext_resource type="PackedScene" uid="uid://cdditx6ym8j50" path="res://scenes/score.tscn" id="6_fkit3"]

[sub_resource type="StandardMaterial3D" id="StandardMaterial3D_2q6dc"]
albedo_color = Color(0.12036886, 0.49677867, 0.98572177, 1)

[sub_resource type="StandardMaterial3D" id="StandardMaterial3D_w7c3h"]
albedo_color = Color(0.2244268, 0.5049786, 2.8878452e-07, 1)

[sub_resource type="BoxMesh" id="BoxMesh_8s0yo"]
size = Vector3(3, 10, 3)

[sub_resource type="BoxShape3D" id="BoxShape3D_8s0yo"]
size = Vector3(3, 10, 3)

[node name="Level" type="Node3D"]

[node name="Player" parent="." instance=ExtResource("2_fkit3")]
transform = Transform3D(1, 0, 0, 0, 1, 0, 0, 0, 1, -10, 1.7, 0)

[node name="Background" parent="." instance=ExtResource("3_76aq6")]
transform = Transform3D(1, 0, 0, 0, 1, 0, 0, 0, 1, 0, -3.9535108, 0.012458801)

[node name="Stalamite8" parent="Background" index="10"]
transform = Transform3D(-5.9604645e-08, -1, 0, 0.6522175, -3.8875193e-08, 0.75803196, -0.75803196, 4.5182226e-08, 0.6522175, -6.1206446, 3.6089368, -2.9999995)

[node name="Stalamite2" parent="Background" index="14"]
transform = Transform3D(0.4521642, -0.8836676, 0.12115706, 0.85355747, 0.4681149, 0.22871003, -0.25881907, 1.5426819e-08, 0.96592593, -2.2230394, 15, -4.53457)

[node name="Stalamite3" parent="Background" index="15"]
transform = Transform3D(-0.5555091, -0.8180794, -0.14884819, 0.7902041, -0.57510537, 0.21173458, -0.25881907, 1.5426819e-08, 0.96592593, 2.6227074, 15, -4.4185987)

[node name="LaunchPad" type="CSGBox3D" parent="."]
transform = Transform3D(1, 0, 0, 0, 1, 0, 0, 0, 1, -10, 0.2, 0)
use_collision = true
size = Vector3(3, 1, 3)
material = SubResource("StandardMaterial3D_2q6dc")

[node name="LandingPad" type="CSGBox3D" parent="." groups=["win"]]
transform = Transform3D(1, 0, 0, 0, 1, 0, 0, 0, 1, 10, 0.2, 0)
use_collision = true
size = Vector3(3, 1, 3)
material = SubResource("StandardMaterial3D_w7c3h")
script = ExtResource("4_v4gm1")
filepathlevel = "uid://b8rmq200qopn5"

[node name="Camera3D" type="Camera3D" parent="."]
transform = Transform3D(1, 0, 0, 0, 0.9781476, 0.2079117, 0, -0.2079117, 0.9781476, 0, 8, 8.955)

[node name="ObstacleAnine" parent="." instance=ExtResource("5_g54xt")]
transform = Transform3D(1, 0, 0, 0, 1, 0, 0, 0, 1, 0, 0.4242959, 0)
destination = Vector3(0, 0, -5)
duree = 1.5

[node name="MeshInstance3D" parent="ObstacleAnine" index="0"]
transform = Transform3D(1, 0, 0, 0, 1, 0, 0, 0, 1, 0, 4.658797, 0)
mesh = SubResource("BoxMesh_8s0yo")

[node name="CollisionShape3D" parent="ObstacleAnine" index="1"]
transform = Transform3D(1, 0, 0, 0, 1, 0, 0, 0, 1, 0, 4.639092, 0)
shape = SubResource("BoxShape3D_8s0yo")

[node name="Score" parent="." instance=ExtResource("6_fkit3")]

[editable path="Background"]
[editable path="ObstacleAnine"]
